70nm

fclk 3e9
V_DD 0.9
I_off 35.6e-6
W_min 140e-9
I_sc 65e-6
r_0 15.8e3
c_p 1.5e-15
c_0 1.3e-15

nlayers 7
layer 6
c 125.0e-12
r 206.6e3

router

11 11
0.0 0.0 0.0 0.0                      0.0 0.0                     0.0 0.0                     0.0 0.0                     0.0 0.0                   0.0 0.0                   0.0 0.0                   0.0 0.0                   0.0 0.0                  0.0 0.0
0.0 0.0 1.33713e-12 1.68064e-13 	 1.40751e-12 2.67293e-13 	 1.47866e-12 3.66522e-13 	 1.55033e-12 4.65751e-13 	 1.62199e-12 5.64981e-13 	 1.69366e-12 6.6421e-13 	 1.76533e-12 7.63439e-13 	 1.837e-12 8.62668e-13 	 1.90867e-12 9.61897e-13 	 1.98034e-12 1.06113e-12 	 
0.0 0.0 2.49249e-12 2.93363e-13 	 2.99637e-12 4.49057e-13 	 3.13866e-12 6.04751e-13 	 3.28199e-12 7.60444e-13 	 3.42533e-12 9.16138e-13 	 3.56867e-12 1.07183e-12 	 3.71201e-12 1.22753e-12 	 3.85534e-12 1.38322e-12 	 3.99868e-12 1.53891e-12 	 4.14202e-12 1.69461e-12 	 
0.0 0.0 3.64785e-12 4.18663e-13 	 4.2424e-12 6.30821e-13 	 4.98e-12 8.42979e-13 	 5.19501e-12 1.05514e-12 	 5.41001e-12 1.2673e-12 	 5.62502e-12 1.47945e-12 	 5.84003e-12 1.69161e-12 	 6.05503e-12 1.90377e-12 	 6.27004e-12 2.11593e-12 	 6.48504e-12 2.32809e-12 	 
0.0 0.0 4.80321e-12 5.43962e-13 	 5.48843e-12 8.12585e-13 	 6.3167e-12 1.08121e-12 	 7.28936e-12 1.34983e-12 	 7.57604e-12 1.61845e-12 	 7.86271e-12 1.88708e-12 	 8.14939e-12 2.1557e-12 	 8.43606e-12 2.42432e-12 	 8.72274e-12 2.69294e-12 	 9.00941e-12 2.96157e-12 	 
0.0 0.0 5.95857e-12 6.69262e-13 	 6.73446e-12 9.94349e-13 	 7.65341e-12 1.31944e-12 	 8.71674e-12 1.64452e-12 	 9.92341e-12 1.96961e-12 	 1.02818e-11 2.2947e-12 	 1.06401e-11 2.61978e-12 	 1.09984e-11 2.94487e-12 	 1.13568e-11 3.26996e-12 	 1.17151e-11 3.59505e-12 	 
0.0 0.0 7.11393e-12 7.94561e-13 	 7.98049e-12 1.17611e-12 	 8.99011e-12 1.55766e-12 	 1.01441e-11 1.93922e-12 	 1.14415e-11 2.32077e-12 	 1.28821e-11 2.70232e-12 	 1.33121e-11 3.08387e-12 	 1.37422e-11 3.46542e-12 	 1.41722e-11 3.84697e-12 	 1.46022e-11 4.22853e-12 	 
0.0 0.0 8.26929e-12 9.1986e-13 	 9.22652e-12 1.35788e-12 	 1.03268e-11 1.79589e-12 	 1.15715e-11 2.23391e-12 	 1.29595e-11 2.67193e-12 	 1.44908e-11 3.10994e-12 	 1.61655e-11 3.54796e-12 	 1.66672e-11 3.98597e-12 	 1.71689e-11 4.42399e-12 	 1.76706e-11 4.86201e-12 	 
0.0 0.0 9.42464e-12 1.04516e-12 	 1.04725e-11 1.53964e-12 	 1.16635e-11 2.03412e-12 	 1.29989e-11 2.5286e-12 	 1.44775e-11 3.02308e-12 	 1.60996e-11 3.51756e-12 	 1.78649e-11 4.01204e-12 	 1.97736e-11 4.50652e-12 	 2.0347e-11 5.00101e-12 	 2.09203e-11 5.49549e-12 	 
0.0 0.0 1.058e-11 1.17046e-12 	 1.17186e-11 1.7214e-12 	 1.30002e-11 2.27235e-12 	 1.44262e-11 2.82329e-12 	 1.59956e-11 3.37424e-12 	 1.77083e-11 3.92519e-12 	 1.95643e-11 4.47613e-12 	 2.15637e-11 5.02708e-12 	 2.37064e-11 5.57802e-12 	 2.43514e-11 6.12897e-12 	 
0.0 0.0 1.17354e-11 1.29576e-12 	 1.29646e-11 1.90317e-12 	 1.43369e-11 2.51058e-12 	 1.58536e-11 3.11799e-12 	 1.75136e-11 3.7254e-12 	 1.9317e-11 4.33281e-12 	 2.12637e-11 4.94022e-12 	 2.33537e-11 5.54763e-12 	 2.55871e-11 6.15504e-12 	 2.79638e-11 6.76245e-12 	 


0       0       0       0       0       0       0       0       0       0       0
0	1792 	2944 	3520 	4096 	4672 	5248 	5824 	6400 	6976 	7552 	
0	4736 	5888 	7040 	8192 	9344 	10496 	11648 	12800 	13952 	15104 	
0	7104 	8832 	10560 	12288 	14016 	15744 	17472 	19200 	20928 	22656 	
0	9472 	11776 	14080 	16384 	18688 	20992 	23296 	25600 	27904 	30208 	
0	11840 	14720 	17600 	20480 	23360 	26240 	29120 	32000 	34880 	37760 	
0	14208 	17664 	21120 	24576 	28032 	31488 	34944 	38400 	41856 	45312 	
0	16576 	20608 	24640 	28672 	32704 	36736 	40768 	44800 	48832 	52864 	
0	18944 	23552 	28160 	32768 	37376 	41984 	46592 	51200 	55808 	60416 	
0	21312 	26496 	31680 	36864 	42048 	47232 	52416 	57600 	62784 	67968 	
0	23680 	29440 	35200 	40960 	46720 	52480 	58240 	64000 	69760 	75520 	
